============================================================
  SUDOKU DIGIT CNN – TRAINING REPORT
  Generated : 2026-07-12 00:20:04
============================================================

============================================================
  Training Configuration
============================================================

  Dataset mode   : Unified 20-Class (MNIST + Fonts + Hoda → saves best_model_unified20.pt) [mobilenet_v3_small]
  Epochs         : 20
  Learning rate  : 0.001
  Batch size     : 128
  Total params   : 1,538,068
  Trainable      : 1,538,068

============================================================
  Epoch History
============================================================

 Epoch   Train Loss   Val Loss   Train Acc   Val Acc
------------------------------------------------------------
     1     0.295089   0.142195    91.0104%  95.4155%
     2     0.090007   0.082509    97.2363%  97.3645%
     3     0.067958   0.075702    97.8712%  97.6856%
     4     0.058952   0.069004    98.2340%  97.8683%
     5     0.050818   0.065948    98.4283%  98.1175%
     6     0.040723   0.058531    98.7363%  98.3666%
     7     0.043599   0.062208    98.6745%  98.2448%
     8     0.056149   0.050616    98.4323%  98.5494%
     9     0.042668   0.043101    98.7951%  98.7598%
    10     0.039321   0.050080    98.8848%  98.6047%
    11     0.029509   0.112437    99.0831%  95.6702%
    12     0.028761   0.059489    99.1120%  98.4774%
    13     0.042484   0.061724    98.8011%  98.3666%
    14     0.022083   0.029194    99.3004%  99.1141%
    15     0.013947   0.036957    99.5854%  99.0311%
    16     0.012289   0.037393    99.5924%  99.0145%
    17     0.012123   0.039471    99.5874%  98.9978%
    18     0.011842   0.039952    99.6043%  98.9923%
    19     0.006899   0.033323    99.7618%  99.2193%
    20     0.004396   0.035220    99.8475%  99.2359%

  Best validation loss : 0.029194

============================================================
  Test Set Results
============================================================

  Test Loss     : 0.037866
  Test Accuracy : 98.9703%

============================================================
  Per-Class Classification Report
============================================================

              precision    recall  f1-score   support

       Empty     1.0000    1.0000    1.0000       450
           1     0.9863    0.9969    0.9916      1296
           2     0.9882    0.9915    0.9899      1182
           3     0.9853    0.9913    0.9883      1146
           4     0.9887    0.9921    0.9904      1146
           5     0.9886    0.9895    0.9891      1052
           6     0.9945    0.9900    0.9923      1101
           7     0.9932    0.9881    0.9907      1181
           8     0.9858    0.9911    0.9884      1122
           9     0.9870    0.9794    0.9832      1166
          11     0.9960    0.9965    0.9963      2000
          12     0.9719    0.9855    0.9786      2000
          13     0.9853    0.9725    0.9789      2000
          14     0.9826    0.9895    0.9860      2000
          15     0.9965    0.9930    0.9947      2000
          16     0.9935    0.9880    0.9907      2000
          17     0.9995    0.9840    0.9917      2000
          18     0.9965    0.9985    0.9975      2000
          19     0.9896    0.9955    0.9925      2000

    accuracy                         0.9897     28842
   macro avg     0.9899    0.9902    0.9900     28842
weighted avg     0.9897    0.9897    0.9897     28842


============================================================
  Confusion Matrix (rows=True, cols=Predicted)
============================================================

          Empty      1      2      3      4      5      6      7      8      9     11     12     13     14     15     16     17     18     19
  -------------------------------------------------------------------------------------------------------------------------------------------
  Empty |    450      0      0      0      0      0      0      0      0      0      0      0      0      0      0      0      0      0      0
      1 |      0   1292      1      1      0      0      2      0      0      0      0      0      0      0      0      0      0      0      0
      2 |      0      1   1172      2      0      0      0      4      3      0      0      0      0      0      0      0      0      0      0
      3 |      0      1      3   1136      0      6      0      0      0      0      0      0      0      0      0      0      0      0      0
      4 |      0      0      0      0   1137      0      0      0      0      9      0      0      0      0      0      0      0      0      0
      5 |      0      0      0      8      0   1041      2      0      1      0      0      0      0      0      0      0      0      0      0
      6 |      0      2      0      0      2      2   1090      0      5      0      0      0      0      0      0      0      0      0      0
      7 |      0      7      2      0      2      0      0   1167      1      2      0      0      0      0      0      0      0      0      0
      8 |      0      1      2      2      0      2      1      0   1112      2      0      0      0      0      0      0      0      0      0
      9 |      0      3      1      2      6      2      1      4      5   1142      0      0      0      0      0      0      0      0      0
     11 |      0      3      0      0      0      0      0      0      0      0   1993      0      0      0      0      1      0      1      2
     12 |      0      0      0      0      0      0      0      0      0      0      0   1971     18      9      0      0      0      0      2
     13 |      0      0      0      0      1      0      0      0      1      0      0     28   1945     24      1      0      0      0      0
     14 |      0      0      2      0      1      0      0      0      0      0      0      4     11   1979      0      2      0      1      0
     15 |      0      0      2      2      0      0      0      0      0      1      1      2      0      0   1986      1      1      4      0
     16 |      0      0      1      0      1      0      0      0      0      0      0      2      0      1      4   1976      0      0     15
     17 |      0      0      0      0      0      0      0      0      0      0      5     20      0      1      0      6   1968      0      0
     18 |      0      0      0      0      0      0      0      0      0      0      0      0      0      0      0      1      0   1997      2
     19 |      0      0      0      0      0      0      0      0      0      1      2      1      0      0      2      2      0      1   1991

  (Diagonal = correct predictions; off-diagonal = confusion pairs)

============================================================
  Per-Class Accuracy
============================================================

     Class   Correct    Total   Accuracy
  ----------------------------------------------
     Empty       450      450    100.00%
         1      1292     1296     99.69%
         2      1172     1182     99.15%
         3      1136     1146     99.13%
         4      1137     1146     99.21%
         5      1041     1052     98.95%
         6      1090     1101     99.00%
         7      1167     1181     98.81%
         8      1112     1122     99.11%
         9      1142     1166     97.94%
        11      1993     2000     99.65%
        12      1971     2000     98.55%
        13      1945     2000     97.25%
        14      1979     2000     98.95%
        15      1986     2000     99.30%
        16      1976     2000     98.80%
        17      1968     2000     98.40%
        18      1997     2000     99.85%
        19      1991     2000     99.55%

============================================================
  END OF REPORT
============================================================
